#Layer_Color=15138737
#
#Feature symbol names
#
$0 r3.937

#
#Feature attribute names
#

#
#Layer features
#
A 2.6430708 2.2930708 2.6430708 2.2930708 2.6233858 2.2930708 0 P 0 N
L 2.2164961 2.0114567 2.2164961 2.0685433 0 P 0
L 2.2164961 2.0114567 2.3035039 2.0114567 0 P 0
L 2.2164961 2.0685433 2.3035039 2.0685433 0 P 0
L 2.2164961 2.1964567 2.2164961 2.2535433 0 P 0
L 2.2164961 2.1964567 2.3035039 2.1964567 0 P 0
L 2.2164961 2.2535433 2.3035039 2.2535433 0 P 0
L 2.2164961 2.2814567 2.2164961 2.3385433 0 P 0
L 2.2164961 2.2814567 2.3035039 2.2814567 0 P 0
L 2.2164961 2.3385433 2.3035039 2.3385433 0 P 0
L 2.2164961 2.3614567 2.2164961 2.4185433 0 P 0
L 2.2164961 2.3614567 2.3035039 2.3614567 0 P 0
L 2.2164961 2.4185433 2.3035039 2.4185433 0 P 0
L 2.2166929 1.8464567 2.2166929 1.9035433 0 P 0
L 2.2166929 1.8464567 2.3033071 1.8464567 0 P 0
L 2.2166929 1.9035433 2.3033071 1.9035433 0 P 0
L 2.2245669 1.9403149 2.2245669 1.979685 0 P 0
L 2.2245669 1.9403149 2.295433 1.9403149 0 P 0
L 2.2245669 1.979685 2.295433 1.979685 0 P 0
L 2.233315 2.4485669 2.233315 2.519433 0 P 0
L 2.233315 2.4485669 2.2726851 2.4485669 0 P 0
L 2.233315 2.519433 2.2726851 2.519433 0 P 0
L 2.270315 2.0995669 2.270315 2.170433 0 P 0
L 2.270315 2.0995669 2.3096851 2.0995669 0 P 0
L 2.270315 2.170433 2.3096851 2.170433 0 P 0
L 2.2726851 2.4485669 2.2726851 2.519433 0 P 0
L 2.2904252 2.4596615 2.2904252 2.5423386 0 P 0
L 2.2904252 2.4596615 2.3435748 2.4596615 0 P 0
L 2.2904252 2.5423386 2.3435748 2.5423386 0 P 0
L 2.295433 1.9403149 2.295433 1.979685 0 P 0
L 2.3033071 1.8464567 2.3033071 1.9035433 0 P 0
L 2.3035039 2.0114567 2.3035039 2.0685433 0 P 0
L 2.3035039 2.1964567 2.3035039 2.2535433 0 P 0
L 2.3035039 2.2814567 2.3035039 2.3385433 0 P 0
L 2.3035039 2.3614567 2.3035039 2.4185433 0 P 0
L 2.3096851 2.0995669 2.3096851 2.170433 0 P 0
L 2.335315 2.0995669 2.335315 2.170433 0 P 0
L 2.335315 2.0995669 2.3746851 2.0995669 0 P 0
L 2.335315 2.170433 2.3746851 2.170433 0 P 0
L 2.3395669 1.8563149 2.3395669 1.895685 0 P 0
L 2.3395669 1.8563149 2.410433 1.8563149 0 P 0
L 2.3395669 1.895685 2.410433 1.895685 0 P 0
L 2.3435748 2.4596615 2.3435748 2.5423386 0 P 0
L 2.3746851 2.0995669 2.3746851 2.170433 0 P 0
L 2.410433 1.8563149 2.410433 1.895685 0 P 0
L 2.5879528 1.891496 2.5879528 2.3285039 0 P 0
L 2.5879528 1.891496 2.8320473 1.891496 0 P 0
L 2.5879528 2.3285039 2.8320473 2.3285039 0 P 0
L 2.8320473 1.891496 2.8320473 2.3285039 0 P 0
L 3.046496 2.8714567 3.046496 2.9285433 0 P 0
L 3.046496 2.8714567 3.1335039 2.8714567 0 P 0
L 3.046496 2.9285433 3.1335039 2.9285433 0 P 0
L 3.0464961 2.5664567 3.0464961 2.6235433 0 P 0
L 3.0464961 2.5664567 3.133504 2.5664567 0 P 0
L 3.0464961 2.6235433 3.133504 2.6235433 0 P 0
L 3.0464961 2.7164567 3.0464961 2.7735433 0 P 0
L 3.0464961 2.7164567 3.133504 2.7164567 0 P 0
L 3.0464961 2.7735433 3.133504 2.7735433 0 P 0
L 3.0466929 2.6414567 3.0466929 2.6985433 0 P 0
L 3.0466929 2.6414567 3.133307 2.6414567 0 P 0
L 3.0466929 2.6985433 3.133307 2.6985433 0 P 0
L 3.0466929 2.7964567 3.0466929 2.8535433 0 P 0
L 3.0466929 2.7964567 3.133307 2.7964567 0 P 0
L 3.0466929 2.8535433 3.133307 2.8535433 0 P 0
L 3.0514567 1.4464961 3.0514567 1.5335039 0 P 0
L 3.0514567 1.4464961 3.1085433 1.4464961 0 P 0
L 3.0514567 1.5335039 3.1085433 1.5335039 0 P 0
L 3.0603149 1.574567 3.0603149 1.6454331 0 P 0
L 3.0603149 1.574567 3.099685 1.574567 0 P 0
L 3.0603149 1.6454331 3.099685 1.6454331 0 P 0
L 3.0814567 1.8264961 3.0814567 1.9135039 0 P 0
L 3.0814567 1.8264961 3.1385433 1.8264961 0 P 0
L 3.0814567 1.9135039 3.1385433 1.9135039 0 P 0
L 3.0814567 1.9864961 3.0814567 2.0735039 0 P 0
L 3.0814567 1.9864961 3.1385433 1.9864961 0 P 0
L 3.0814567 2.0735039 3.1385433 2.0735039 0 P 0
L 3.0814567 2.1464961 3.0814567 2.2335039 0 P 0
L 3.0814567 2.1464961 3.1385433 2.1464961 0 P 0
L 3.0814567 2.2335039 3.1385433 2.2335039 0 P 0
L 3.0814567 2.3064961 3.0814567 2.3935039 0 P 0
L 3.0814567 2.3064961 3.1385433 2.3064961 0 P 0
L 3.0814567 2.3935039 3.1385433 2.3935039 0 P 0
L 3.099685 1.574567 3.099685 1.6454331 0 P 0
L 3.1085433 1.4464961 3.1085433 1.5335039 0 P 0
L 3.133307 2.6414567 3.133307 2.6985433 0 P 0
L 3.133307 2.7964567 3.133307 2.8535433 0 P 0
L 3.1335039 2.8714567 3.1335039 2.9285433 0 P 0
L 3.133504 2.5664567 3.133504 2.6235433 0 P 0
L 3.133504 2.7164567 3.133504 2.7735433 0 P 0
L 3.1385433 1.8264961 3.1385433 1.9135039 0 P 0
L 3.1385433 1.9864961 3.1385433 2.0735039 0 P 0
L 3.1385433 2.1464961 3.1385433 2.2335039 0 P 0
L 3.1385433 2.3064961 3.1385433 2.3935039 0 P 0
L 3.7183369 2.7003635 3.7183369 2.7869776 0 P 0
L 3.7183369 2.7003635 3.7754235 2.7003635 0 P 0
L 3.7183369 2.7869776 3.7754235 2.7869776 0 P 0
L 3.7294567 1.3824961 3.7294567 1.469504 0 P 0
L 3.7294567 1.3824961 3.7865433 1.3824961 0 P 0
L 3.7294567 1.469504 3.7865433 1.469504 0 P 0
L 3.7754235 2.7003635 3.7754235 2.7869776 0 P 0
L 3.7865433 1.3824961 3.7865433 1.469504 0 P 0
L 3.8027005 2.7019707 3.8027005 2.7889786 0 P 0
L 3.8027005 2.7019707 3.8597871 2.7019707 0 P 0
L 3.8027005 2.7889786 3.8597871 2.7889786 0 P 0
L 3.8175669 1.2710709 3.8175669 1.4049291 0 P 0
L 3.8175669 1.2710709 3.888433 1.2710709 0 P 0
L 3.8175669 1.4049291 3.888433 1.4049291 0 P 0
L 3.8214567 1.4566929 3.8214567 1.543307 0 P 0
L 3.8214567 1.4566929 3.8785433 1.4566929 0 P 0
L 3.8214567 1.543307 3.8785433 1.543307 0 P 0
L 3.8597871 2.7019707 3.8597871 2.7889786 0 P 0
L 3.8785433 1.4566929 3.8785433 1.543307 0 P 0
L 3.8875669 2.6940709 3.8875669 2.8279291 0 P 0
L 3.8875669 2.6940709 3.958433 2.6940709 0 P 0
L 3.8875669 2.8279291 3.958433 2.8279291 0 P 0
L 3.888433 1.2710709 3.888433 1.4049291 0 P 0
L 3.8927005 2.8671675 3.8927005 2.9537816 0 P 0
L 3.8927005 2.8671675 3.9497871 2.8671675 0 P 0
L 3.8927005 2.9537816 3.9497871 2.9537816 0 P 0
L 3.9064567 1.4544961 3.9064567 1.541504 0 P 0
L 3.9064567 1.4544961 3.9635433 1.4544961 0 P 0
L 3.9064567 1.541504 3.9635433 1.541504 0 P 0
L 3.9324567 1.2204961 3.9324567 1.307504 0 P 0
L 3.9324567 1.2204961 3.9895433 1.2204961 0 P 0
L 3.9324567 1.307504 3.9895433 1.307504 0 P 0
L 3.9497871 2.8671675 3.9497871 2.9537816 0 P 0
L 3.958433 2.6940709 3.958433 2.8279291 0 P 0
L 3.9635433 1.4544961 3.9635433 1.541504 0 P 0
L 3.9740215 2.8688843 3.9740215 2.9558922 0 P 0
L 3.9740215 2.8688843 4.0311081 2.8688843 0 P 0
L 3.9740215 2.9558922 4.0311081 2.9558922 0 P 0
L 3.9895433 1.2204961 3.9895433 1.307504 0 P 0
L 3.9925669 1.4390709 3.9925669 1.5729291 0 P 0
L 3.9925669 1.4390709 4.063433 1.4390709 0 P 0
L 3.9925669 1.5729291 4.063433 1.5729291 0 P 0
L 3.9927005 2.7119706 3.9927005 2.7989785 0 P 0
L 3.9927005 2.7119706 4.0497871 2.7119706 0 P 0
L 3.9927005 2.7989785 4.0497871 2.7989785 0 P 0
L 4.0114567 1.2226929 4.0114567 1.309307 0 P 0
L 4.0114567 1.2226929 4.0685433 1.2226929 0 P 0
L 4.0114567 1.309307 4.0685433 1.309307 0 P 0
L 4.0311081 2.8688843 4.0311081 2.9558922 0 P 0
L 4.0497871 2.7119706 4.0497871 2.7989785 0 P 0
L 4.063433 1.4390709 4.063433 1.5729291 0 P 0
L 4.0685433 1.2226929 4.0685433 1.309307 0 P 0
L 4.0965669 2.8460709 4.0965669 2.9799291 0 P 0
L 4.0965669 2.8460709 4.167433 2.8460709 0 P 0
L 4.0965669 2.9799291 4.167433 2.9799291 0 P 0
L 4.1024567 1.4434961 4.1024567 1.530504 0 P 0
L 4.1024567 1.4434961 4.1595433 1.4434961 0 P 0
L 4.1024567 1.530504 4.1595433 1.530504 0 P 0
L 4.1027005 2.7119707 4.1027005 2.7989786 0 P 0
L 4.1027005 2.7119707 4.1597871 2.7119707 0 P 0
L 4.1027005 2.7989786 4.1597871 2.7989786 0 P 0
L 4.1595433 1.4434961 4.1595433 1.530504 0 P 0
L 4.1597871 2.7119707 4.1597871 2.7989786 0 P 0
L 4.167433 2.8460709 4.167433 2.9799291 0 P 0
