#Layer_Color=15314666
#
#Feature symbol names
#
$0 r5
$1 r1.9685
$2 r3.937

#
#Feature attribute names
#

#
#Layer features
#
A 3.6968504 1.84 3.6968504 1.84 3.5 1.84 0 P 0 N
A 3.6968504 2.37 3.6968504 2.37 3.5 2.37 0 P 0 N
L 2.1930708 1.9186614 2.1930708 2.0013385 1 P 0
L 2.1930708 1.9186614 2.3269291 1.9186614 1 P 0
L 2.1930708 2.0013385 2.3269291 2.0013385 1 P 0
L 2.2048819 2.0065354 2.2048819 2.0734646 1 P 0
L 2.2048819 2.0065354 2.3151181 2.0065354 1 P 0
L 2.2048819 2.0734646 2.3151181 2.0734646 1 P 0
L 2.2048819 2.1915354 2.2048819 2.2584646 1 P 0
L 2.2048819 2.1915354 2.3151181 2.1915354 1 P 0
L 2.2048819 2.2584646 2.3151181 2.2584646 1 P 0
L 2.2048819 2.2765354 2.2048819 2.3434646 1 P 0
L 2.2048819 2.2765354 2.3151181 2.2765354 1 P 0
L 2.2048819 2.3434646 2.3151181 2.3434646 1 P 0
L 2.2048819 2.3565354 2.2048819 2.4234646 1 P 0
L 2.2048819 2.3565354 2.3151181 2.3565354 1 P 0
L 2.2048819 2.4234646 2.3151181 2.4234646 1 P 0
L 2.2068504 1.8415354 2.2068504 1.9084646 1 P 0
L 2.2068504 1.8415354 2.3131496 1.8415354 1 P 0
L 2.2068504 1.9084646 2.3131496 1.9084646 1 P 0
L 2.2116615 2.4170708 2.2116615 2.5509291 1 P 0
L 2.2116615 2.4170708 2.2943386 2.4170708 1 P 0
L 2.2116615 2.5509291 2.2943386 2.5509291 1 P 0
L 2.233315 2.484 2.2726851 2.484 2 P 0
L 2.2403149 1.96 2.279685 1.96 2 P 0
L 2.240315 1.875 2.279685 1.875 2 P 0
L 2.240315 2.04 2.279685 2.04 2 P 0
L 2.240315 2.225 2.279685 2.225 2 P 0
L 2.240315 2.31 2.279685 2.31 2 P 0
L 2.240315 2.39 2.279685 2.39 2 P 0
L 2.2486615 2.0680708 2.2486615 2.2019291 1 P 0
L 2.2486615 2.0680708 2.3313386 2.0680708 1 P 0
L 2.2486615 2.2019291 2.3313386 2.2019291 1 P 0
L 2.253 2.4643149 2.253 2.503685 2 P 0
L 2.26 1.855315 2.26 1.894685 2 P 0
L 2.26 1.9403149 2.26 1.979685 2 P 0
L 2.26 2.020315 2.26 2.059685 2 P 0
L 2.26 2.205315 2.26 2.244685 2 P 0
L 2.26 2.290315 2.26 2.329685 2 P 0
L 2.26 2.370315 2.26 2.409685 2 P 0
L 2.270315 2.135 2.3096851 2.135 2 P 0
L 2.2855039 2.4498189 2.2855039 2.5521811 1 P 0
L 2.2855039 2.4498189 2.3484961 2.4498189 1 P 0
L 2.2855039 2.5521811 2.3484961 2.5521811 1 P 0
L 2.29 2.1153149 2.29 2.154685 2 P 0
L 2.2943386 2.4170708 2.2943386 2.5509291 1 P 0
L 2.297315 2.501 2.336685 2.501 2 P 0
L 2.3080708 1.8346614 2.3080708 1.9173385 1 P 0
L 2.3080708 1.8346614 2.4419291 1.8346614 1 P 0
L 2.3080708 1.9173385 2.4419291 1.9173385 1 P 0
L 2.3131496 1.8415354 2.3131496 1.9084646 1 P 0
L 2.3136615 2.0680708 2.3136615 2.2019291 1 P 0
L 2.3136615 2.0680708 2.3963386 2.0680708 1 P 0
L 2.3136615 2.2019291 2.3963386 2.2019291 1 P 0
L 2.3151181 2.0065354 2.3151181 2.0734646 1 P 0
L 2.3151181 2.1915354 2.3151181 2.2584646 1 P 0
L 2.3151181 2.2765354 2.3151181 2.3434646 1 P 0
L 2.3151181 2.3565354 2.3151181 2.4234646 1 P 0
L 2.317 2.481315 2.317 2.5206851 2 P 0
L 2.3269291 1.9186614 2.3269291 2.0013385 1 P 0
L 2.3313386 2.0680708 2.3313386 2.2019291 1 P 0
L 2.335315 2.135 2.3746851 2.135 2 P 0
L 2.3484961 2.4498189 2.3484961 2.5521811 1 P 0
L 2.355 2.1153149 2.355 2.154685 2 P 0
L 2.3553149 1.876 2.394685 1.876 2 P 0
L 2.375 1.8563149 2.375 1.895685 2 P 0
L 2.3963386 2.0680708 2.3963386 2.2019291 1 P 0
L 2.4419291 1.8346614 2.4419291 1.9173385 1 P 0
L 2.505 1.8816535 2.505 2.3383464 1 P 0
L 2.505 1.8816535 2.915 1.8816535 1 P 0
L 2.505 2.3383464 2.915 2.3383464 1 P 0
L 2.915 1.8816535 2.915 2.3383464 1 P 0
L 3.0211023 2.8606299 3.0211023 2.9393701 1 P 0
L 3.0211023 2.8606299 3.1588976 2.8606299 1 P 0
L 3.0211023 2.9393701 3.1588976 2.9393701 1 P 0
L 3.0211024 2.5556299 3.0211024 2.6343701 1 P 0
L 3.0211024 2.5556299 3.1588977 2.5556299 1 P 0
L 3.0211024 2.6343701 3.1588977 2.6343701 1 P 0
L 3.0211024 2.7056299 3.0211024 2.7843701 1 P 0
L 3.0211024 2.7056299 3.1588977 2.7056299 1 P 0
L 3.0211024 2.7843701 3.1588977 2.7843701 1 P 0
L 3.0230708 2.6306299 3.0230708 2.7093701 1 P 0
L 3.0230708 2.6306299 3.1569291 2.6306299 1 P 0
L 3.0230708 2.7093701 3.1569291 2.7093701 1 P 0
L 3.0230708 2.7856299 3.0230708 2.8643701 1 P 0
L 3.0230708 2.7856299 3.1569291 2.7856299 1 P 0
L 3.0230708 2.8643701 3.1569291 2.8643701 1 P 0
L 3.0386614 1.5430709 3.0386614 1.6769292 1 P 0
L 3.0386614 1.5430709 3.1213385 1.5430709 1 P 0
L 3.0386614 1.6769292 3.1213385 1.6769292 1 P 0
L 3.0465354 1.4348819 3.0465354 1.5451181 1 P 0
L 3.0465354 1.4348819 3.1134646 1.4348819 1 P 0
L 3.0465354 1.5451181 3.1134646 1.5451181 1 P 0
L 3.0603149 1.61 3.099685 1.61 2 P 0
L 3.060315 1.49 3.099685 1.49 2 P 0
L 3.0703149 2.67 3.109685 2.67 2 P 0
L 3.0703149 2.825 3.109685 2.825 2 P 0
L 3.0703149 2.9 3.109685 2.9 2 P 0
L 3.070315 2.595 3.1096851 2.595 2 P 0
L 3.070315 2.745 3.1096851 2.745 2 P 0
L 3.0765354 1.8148819 3.0765354 1.9251181 1 P 0
L 3.0765354 1.8148819 3.1434646 1.8148819 1 P 0
L 3.0765354 1.9251181 3.1434646 1.9251181 1 P 0
L 3.0765354 1.9748819 3.0765354 2.0851181 1 P 0
L 3.0765354 1.9748819 3.1434646 1.9748819 1 P 0
L 3.0765354 2.0851181 3.1434646 2.0851181 1 P 0
L 3.0765354 2.1348819 3.0765354 2.2451181 1 P 0
L 3.0765354 2.1348819 3.1434646 2.1348819 1 P 0
L 3.0765354 2.2451181 3.1434646 2.2451181 1 P 0
L 3.0765354 2.2948819 3.0765354 2.4051181 1 P 0
L 3.0765354 2.2948819 3.1434646 2.2948819 1 P 0
L 3.0765354 2.4051181 3.1434646 2.4051181 1 P 0
L 3.08 1.470315 3.08 1.509685 2 P 0
L 3.08 1.590315 3.08 1.6296851 2 P 0
L 3.09 2.575315 3.09 2.614685 2 P 0
L 3.09 2.650315 3.09 2.689685 2 P 0
L 3.09 2.725315 3.09 2.764685 2 P 0
L 3.09 2.805315 3.09 2.844685 2 P 0
L 3.09 2.880315 3.09 2.919685 2 P 0
L 3.090315 1.87 3.129685 1.87 2 P 0
L 3.090315 2.03 3.129685 2.03 2 P 0
L 3.090315 2.19 3.129685 2.19 2 P 0
L 3.090315 2.35 3.129685 2.35 2 P 0
L 3.11 1.850315 3.11 1.889685 2 P 0
L 3.11 2.010315 3.11 2.049685 2 P 0
L 3.11 2.170315 3.11 2.209685 2 P 0
L 3.11 2.330315 3.11 2.369685 2 P 0
L 3.1134646 1.4348819 3.1134646 1.5451181 1 P 0
L 3.1213385 1.5430709 3.1213385 1.6769292 1 P 0
L 3.1434646 1.8148819 3.1434646 1.9251181 1 P 0
L 3.1434646 1.9748819 3.1434646 2.0851181 1 P 0
L 3.1434646 2.1348819 3.1434646 2.2451181 1 P 0
L 3.1434646 2.2948819 3.1434646 2.4051181 1 P 0
L 3.1569291 2.6306299 3.1569291 2.7093701 1 P 0
L 3.1569291 2.7856299 3.1569291 2.8643701 1 P 0
L 3.1588976 2.8606299 3.1588976 2.9393701 1 P 0
L 3.1588977 2.5556299 3.1588977 2.6343701 1 P 0
L 3.1588977 2.7056299 3.1588977 2.7843701 1 P 0
L 3.163937 1.1380315 3.163937 1.6419685 2 P 0
L 3.163937 1.1380315 3.656063 1.1380315 2 P 0
L 3.163937 1.6419685 3.656063 1.6419685 2 P 0
L 3.163937 2.5680315 3.163937 3.0719685 2 P 0
L 3.163937 2.5680315 3.656063 2.5680315 2 P 0
L 3.163937 3.0719685 3.656063 3.0719685 2 P 0
L 3.3903149 1.39 3.429685 1.39 2 P 0
L 3.390315 2.82 3.4296851 2.82 2 P 0
L 3.41 1.3703149 3.41 1.409685 2 P 0
L 3.41 2.800315 3.41 2.8396851 2 P 0
L 3.475 1.84 3.525 1.84 0 P 0
L 3.475 2.37 3.525 2.37 0 P 0
L 3.5 1.815 3.5 1.865 0 P 0
L 3.5 2.345 3.5 2.395 0 P 0
L 3.656063 1.1380315 3.656063 1.6419685 2 P 0
L 3.656063 2.5680315 3.656063 3.0719685 2 P 0
L 3.703937 1.5780315 3.703937 2.0819685 2 P 0
L 3.703937 1.5780315 4.196063 1.5780315 2 P 0
L 3.703937 2.0819685 4.196063 2.0819685 2 P 0
L 3.703937 2.1380315 3.703937 2.6419685 2 P 0
L 3.703937 2.1380315 4.196063 2.1380315 2 P 0
L 3.703937 2.6419685 4.196063 2.6419685 2 P 0
L 3.7068189 1.3393858 3.7068189 1.5126142 1 P 0
L 3.7068189 1.3393858 3.8091811 1.3393858 1 P 0
L 3.7068189 1.5126142 3.8091811 1.5126142 1 P 0
L 3.7075101 2.6767414 3.7075101 2.8105997 1 P 0
L 3.7075101 2.6767414 3.7862503 2.6767414 1 P 0
L 3.7075101 2.8105997 3.7862503 2.8105997 1 P 0
L 3.7271952 2.7436706 3.7665652 2.7436706 2 P 0
L 3.738315 1.426 3.7776851 1.426 2 P 0
L 3.7468802 2.7239855 3.7468802 2.7633556 2 P 0
L 3.758 1.406315 3.758 1.4456851 2 P 0
L 3.7862503 2.6767414 3.7862503 2.8105997 1 P 0
L 3.7918737 2.676577 3.7918737 2.8143723 1 P 0
L 3.7918737 2.676577 3.8706139 2.676577 1 P 0
L 3.7918737 2.8143723 3.8706139 2.8143723 1 P 0
L 3.8091811 1.3393858 3.8091811 1.5126142 1 P 0
L 3.8106299 1.4330708 3.8106299 1.5669291 1 P 0
L 3.8106299 1.4330708 3.8893701 1.4330708 1 P 0
L 3.8106299 1.5669291 3.8893701 1.5669291 1 P 0
L 3.8115588 2.7454746 3.8509288 2.7454746 2 P 0
L 3.8136299 1.2612283 3.8136299 1.4147717 1 P 0
L 3.8136299 1.2612283 3.89237 1.2612283 1 P 0
L 3.8136299 1.4147717 3.89237 1.4147717 1 P 0
L 3.830315 1.5 3.869685 1.5 2 P 0
L 3.8312438 2.7257896 3.8312438 2.7651597 2 P 0
L 3.8333149 1.338 3.872685 1.338 2 P 0
L 3.85 1.4803149 3.85 1.519685 2 P 0
L 3.853 1.318315 3.853 1.357685 2 P 0
L 3.8706139 2.676577 3.8706139 2.8143723 1 P 0
L 3.8818737 2.8435454 3.8818737 2.9774037 1 P 0
L 3.8818737 2.8435454 3.9606139 2.8435454 1 P 0
L 3.8818737 2.9774037 3.9606139 2.9774037 1 P 0
L 3.8836299 2.6842283 3.8836299 2.8377717 1 P 0
L 3.8836299 2.6842283 3.96237 2.6842283 1 P 0
L 3.8836299 2.8377717 3.96237 2.8377717 1 P 0
L 3.8893701 1.4330708 3.8893701 1.5669291 1 P 0
L 3.89237 1.2612283 3.89237 1.4147717 1 P 0
L 3.8956299 1.4291024 3.8956299 1.5668977 1 P 0
L 3.8956299 1.4291024 3.9743701 1.4291024 1 P 0
L 3.8956299 1.5668977 3.9743701 1.5668977 1 P 0
L 3.9015588 2.9104746 3.9409288 2.9104746 2 P 0
L 3.9033149 2.761 3.942685 2.761 2 P 0
L 3.915315 1.498 3.954685 1.498 2 P 0
L 3.9212438 2.8907895 3.9212438 2.9301596 2 P 0
L 3.9216299 1.1951024 3.9216299 1.3328977 1 P 0
L 3.9216299 1.1951024 4.0003701 1.1951024 1 P 0
L 3.9216299 1.3328977 4.0003701 1.3328977 1 P 0
L 3.923 2.741315 3.923 2.780685 2 P 0
L 3.9303149 1.83 3.969685 1.83 2 P 0
L 3.930315 2.39 3.9696851 2.39 2 P 0
L 3.935 1.478315 3.935 1.5176851 2 P 0
L 3.941315 1.264 3.980685 1.264 2 P 0
L 3.95 1.8103149 3.95 1.849685 2 P 0
L 3.95 2.370315 3.95 2.4096851 2 P 0
L 3.9606139 2.8435454 3.9606139 2.9774037 1 P 0
L 3.961 1.244315 3.961 1.2836851 2 P 0
L 3.96237 2.6842283 3.96237 2.8377717 1 P 0
L 3.9631947 2.8434906 3.9631947 2.9812859 1 P 0
L 3.9631947 2.8434906 4.0419349 2.8434906 1 P 0
L 3.9631947 2.9812859 4.0419349 2.9812859 1 P 0
L 3.9700627 2.6688604 3.9700627 2.8420888 1 P 0
L 3.9700627 2.6688604 4.0724249 2.6688604 1 P 0
L 3.9700627 2.8420888 4.0724249 2.8420888 1 P 0
L 3.9743701 1.4291024 3.9743701 1.5668977 1 P 0
L 3.9828798 2.9123882 4.0222498 2.9123882 2 P 0
L 3.9886299 1.4292283 3.9886299 1.5827717 1 P 0
L 3.9886299 1.4292283 4.06737 1.4292283 1 P 0
L 3.9886299 1.5827717 4.06737 1.5827717 1 P 0
L 4.0003701 1.1951024 4.0003701 1.3328977 1 P 0
L 4.0006299 1.1990708 4.0006299 1.3329291 1 P 0
L 4.0006299 1.1990708 4.0793701 1.1990708 1 P 0
L 4.0006299 1.3329291 4.0793701 1.3329291 1 P 0
L 4.0015587 2.7554746 4.0409288 2.7554746 2 P 0
L 4.0025648 2.8927032 4.0025648 2.9320733 2 P 0
L 4.0083149 1.506 4.047685 1.506 2 P 0
L 4.020315 1.266 4.059685 1.266 2 P 0
L 4.0212438 2.7357895 4.0212438 2.7751596 2 P 0
L 4.028 1.486315 4.028 1.525685 2 P 0
L 4.04 1.2463149 4.04 1.285685 2 P 0
L 4.0419349 2.8434906 4.0419349 2.9812859 1 P 0
L 4.06737 1.4292283 4.06737 1.5827717 1 P 0
L 4.0724249 2.6688604 4.0724249 2.8420888 1 P 0
L 4.0793701 1.1990708 4.0793701 1.3329291 1 P 0
L 4.0798189 1.4003858 4.0798189 1.5736142 1 P 0
L 4.0798189 1.4003858 4.1821811 1.4003858 1 P 0
L 4.0798189 1.5736142 4.1821811 1.5736142 1 P 0
L 4.0800627 2.6688604 4.0800627 2.8420888 1 P 0
L 4.0800627 2.6688604 4.1824249 2.6688604 1 P 0
L 4.0800627 2.8420888 4.1824249 2.8420888 1 P 0
L 4.0926299 2.8362283 4.0926299 2.9897717 1 P 0
L 4.0926299 2.8362283 4.17137 2.8362283 1 P 0
L 4.0926299 2.9897717 4.17137 2.9897717 1 P 0
L 4.111315 1.487 4.1506851 1.487 2 P 0
L 4.1115588 2.7554746 4.1509289 2.7554746 2 P 0
L 4.1123149 2.913 4.151685 2.913 2 P 0
L 4.131 1.467315 4.131 1.5066851 2 P 0
L 4.1312438 2.7357896 4.1312438 2.7751597 2 P 0
L 4.132 2.893315 4.132 2.932685 2 P 0
L 4.17137 2.8362283 4.17137 2.9897717 1 P 0
L 4.1821811 1.4003858 4.1821811 1.5736142 1 P 0
L 4.1824249 2.6688604 4.1824249 2.8420888 1 P 0
L 4.196063 1.5780315 4.196063 2.0819685 2 P 0
L 4.196063 2.1380315 4.196063 2.6419685 2 P 0
